589
2494.99
949
809
1009
889
889
239.99
639.79
598.79
639.79
689.99
659.79
649.99
666.99
589.79
619.79
499.79
1789.99
2879
699
799
1494.49
966.99
889.99
572.79
599.79
489.79
499.99
489.79
469.78
519.79
499.79
469.99
499.69
459.78
499.99
456.96
464.79
1186
563.5
469.78
490.79
489.79
509.78
469.79
519.79
529.99
459.99
506.5
949.99
289.99
1798.99
779
809
759
919
729
919
729
699
669.79
588.79
545.99
494.99
2184.99
439.5
979.99
1309.99
1079.99
421.99
1199.99
568
436.78
258.99
1049.99
589.99
1139.99
2529.99
619.79
619.99
639.99
646.79
1179.99
769.79
479.99
619.79
489
989.99
1049.99
1009.99
1079.99
1259.99
1009.99
1239.99
1029.99
