529
440.99
679.99
1189.99
255.99
1139.99
499.99
1149.99
929.99
256.99
679.99
582.79
772
1549
589.79
1249.99
279.99
344
1229
739.99
679.99
419.99
459.99
999.99
229.99
274
637.69
429.99
279.99
634.49
438.2
439.99
539.79
499.79
1089
636.79
626.79
427
1699.99
344
779.79
1248
456.78
529.99
569.99
639.99
459.99
458.99
1222
739.99
699.99
619.79
519.79
673.79
747.49
666.79
616.79
629.79
725.99
384
749.99
579.99
999
778
1129.99
1199.99
1222
449.79
589.79
499.99
429.99
952.78
619.99
267
573.99
489.19
659.99
599.79
569.79
536.99
618.99
699.79
599.79
799.79
619.99
619.79
801.79
496.69
649.79
629.79
606.78
639.79
666.99
649.79
536.99
679.69
