510
752.94
475.99
2178.99
1179.99
499
1149.99
349.99
499.79
599.79
699.99
1099.99
385
1029.99
779.99
749.99
739.99
719.99
779.99
799.99
949.99
689.99
739.99
699.99
669.99
689.99
859.99
719.99
769.99
759.99
919.99
779.99
879.99
1885
638.79
689.79
638.79
1599.99
1039
834.12
435.99
989
605
759.99
234.49
594.99
1299.99
389.99
469.79
519.79
499.79
544.49
499.79
719.79
579.79
599.79
576.19
619.19
638.79
516.79
519.79
559.79
219.99
515
999.99
429
804
1189
994.99
699.99
918
1095
994
848
912
1006
706
841
1011
918
209.99
1128
689.99
2182.99
1519.99
1128
569.68
499.79
559.79
576.79
529.19
599.79
489.79
626.79
598.69
559.19
