1025.89
3143.99
2959.99
1839.99
1949.99
1439.99
1047.41
2041.93
1644.3
1431.21
412.99
1474.99
623.99
894
2608.69
959.99
437.99
839.99
816.99
928.99
913.56
1823.99
1380.11
2407.31
1729.39
2269.99
1674.99
1923.99
781.99
2616.99
3190.99
1631.99
391.87
669.99
855.99
1999.99
304.95
1299.99
1067.11
1126.51
1439.99
887.09
1376.99
1889.29
2865.99
1995.99
2268.67
2349.99
530.99
1325
3465.99
1720.99
1270.99
919.99
1672.54
1555.99
2069.99
1837.6
1205.99
619
2410.75
1239.99
714.99
3364.99
893.1
893.99
1559.46
307.88
819.99
59.99
1809.99
1202.41
1700.34
2309.99
2053.99
813.99
1085.99
1522
3111.99
1863.34
1202.48
1687.99
1478.42
2497.99
1292.39
779.99
59.99
745.33
1099.99
594.99
209.99
2006.28
709
1269.99
1389
2621.85
