524
649.99
464.99
451.6
433.79
539
629.79
1399.99
546.78
459.99
874
547.79
526.79
679.79
639.79
1049.99
559.99
229.99
418
489.99
959.99
1099.99
799.99
759
572.79
572.79
537.79
309.99
369.79
2569.99
599.99
536.78
479.79
669.99
2574.99
199.99
733.79
711.79
638.79
638.79
688.79
638.79
509.99
1834.99
520.79
419
546.79
1428.98
689.99
629.99
429.79
469.79
466.99
499.79
579.78
489.78
456.79
418.77
499.79
499.79
399.79
1864.99
279.99
438.99
499.79
446.78
436.78
489.99
416.79
616.78
979.99
4559.88
489.79
644.5
639.79
549.79
619.79
644.79
659.79
729.99
636.79
679.79
679.79
659.99
669.79
639.79
658.79
499.79
711.79
609.99
1995.99
479.99
849.99
1139.99
438
789.99
