1499.99
989.99
1994.99
1719
1169.99
799
964
1282
879.99
1756.99
1176.99
1346.99
1066.99
1177.99
289.99
1379
344.41
249.99
561.79
939.99
979.99
1899.99
825
1096
299
649.99
799.99
1459.99
1049.99
1719
199.99
652
385
299.99
389.79
1020
1449.99
559.99
569
367
489.79
279.99
1132
409.99
1662.1
417.79
1049.99
999
489.99
349
339.99
779.99
2129.99
699.99
542
769
689.99
1899.99
1769
289.99
31.49
679.69
559.99
299.99
1624.99
1064
610.99
349
818.89
1938
849.99
879.99
964.99
834.99
1026
289.99
529.78
689.79
559.79
699.79
699.99
646.99
599.79
569.79
677.99
649.99
699.79
619.79
669.99
667.79
655.99
699.79
699.99
519.99
479.99
599.99
