819
1639.99
1499.99
1174.99
521.99
439.99
1596
1449
799.99
559.79
559.79
555
489.79
629.69
1049
1089
599.99
749.99
599.99
699.99
1974.99
836.28
799
799
889
889
1149
839
1779
579.99
799.99
769.99
769.99
549.99
579.99
639.99
699.99
659.99
639.99
569.99
749.99
639.99
639.99
799.99
999.99
929.99
619.79
859
1559.99
929
849
889
929
799
1334.99
429.99
1399.99
1969.99
418.99
789.99
888.99
1049.99
349
1109.99
1119.99
1399.95
569.79
619.79
669.79
625
1684.99
587.99
559.79
339.79
3634.99
229.22
1084.99
649.99
679.99
1634.99
599
1749.99
3609
1892.01
1109.99
299.99
729
864.99
299
1299.99
675.79
589
289.99
599.99
1269.99
1169.99
