2076.97
729
2669
596.79
687.7
849.99
4299
558.79
571.79
572.79
414.79
725
949
999.99
1499.99
568.99
899.99
1499
720
624.79
609.79
599.99
1120.67
587.79
949.99
557.99
711
587.79
563.79
617.79
750.79
664.79
407
616.99
1239.99
637.24
1079.99
1899.99
2272.25
1655.45
1894.99
604.79
949.99
499
592.79
549
415
939
614.79
560
2899
1397.99
720
1199
1399.99
875
1779
1399.99
1499
2499.99
499.99
2499.99
299.99
475
725
219.99
279
498.76
899.99
522.79
524.78
599.88
506.79
725
317
835
789
498.99
578.79
599.79
475
1789.99
727.79
849.99
1599.99
750
1363
239.99
623.79
935
582
688.79
723.79
675.42
1079
524.79
