1226
338
401
842
1999.99
1240
2819
1999.97
1999.97
1999.97
1001
1254
1003
904
1276
1223
373
359
511
527
396
345
1377
1999.97
429
415
429
1268
1268
1268
1268
1268
1269
1269
1999.99
999.99
1051
1024
739.99
1117
870.58
2599
1699.99
1396
238.66
2014.99
913
1292
980
871
1999.99
1254
1026.99
2099.99
389
394
464
1299.99
1268
1899.99
1269
1269
1269
2613.99
1024
1268
899
1031
980
1380
645
1114
1395
1089
1010
821
892
801
1290
1291
2099.99
1365
1264
1849
1114
1192.74
926
1339
1339
1296
1061
988
1345
918
1999.99
1999.99
