1167.99
1449.99
1449.99
1449.99
1449.99
1299.98
899.97
1268
1999.99
1999.99
1253
322
1149.99
1227
1268
1999.99
527
1699.99
1699.99
1699.99
1699.99
1274
1999.99
2199.99
899.99
1099.98
1999.99
1999.99
1699.99
1338
793
848
1499.99
1499.99
1499.99
1499.99
1499.99
1291
749.99
1267
682
624
1999.99
779.99
719.99
869.99
929.99
889.99
729.99
649.99
759.99
669.99
689.99
759.99
699.99
1704.99
1704.99
1599.99
1599.99
1699.99
1099.98
964.99
899.97
621
1268
1269
1269
2989
2459
639
687
1499.99
1524.99
239
1626.99
1399.99
569
1649
1337
1269
1499.99
1499.99
1499.99
1499.99
852.95
1499.99
1199.99
1407
1499.99
1699.99
792
1299.98
1999.99
2412.99
1999.99
1999.99
