819.99
719.79
969
1799.99
2499.99
489
759
989.99
1619
864
303.95
699
1859.99
1189
2759.99
1379
959.99
379
569
799.99
904.99
2699.99
1574.99
1914.99
1794.06
799
4994.5
2114.99
2109.99
629
909
749
729.99
719
999.99
2589
2249.99
1339.99
1695.55
2289.99
899.97
699
2409.99
1059
1081.99
649
529
562
628
732
1049
1599.99
1194.98
1176.99
659
1139.99
648
1149.99
1129
749.99
749
419
239
704.01
429
1499
829
999
789
599
1009.99
834.99
914.99
694.99
684.49
2249.99
884
2289.99
1299.99
469
1453
879
574.79
2409.99
655.99
1474
795
1593
989
1352
796
889
6539
1264.99
214.17
749.99
