799.79
619.79
639.79
639.79
799.79
599.99
689.79
699.79
799.79
579.79
711.79
699.79
672.69
699.79
688.79
568.79
599.79
658.79
439.79
649.79
409.99
2614.99
480
425
539
459
546
914.99
959.99
849.99
729.99
268
442
450
474.69
556
451.79
399.99
549.99
2154.99
886.78
545.79
499.78
549.79
599.99
599.79
1026.79
936.79
966.79
1159.99
1139.99
469.79
999.99
779.99
479.99
799.99
509
511.78
234.99
538
559.79
639.99
1884.99
461.5
696.79
849.99
599.99
859.99
3099.99
1014.99
559.99
1849.99
529.99
1099.99
694.99
331
409.99
538
552
508
1599.99
749.99
1439.99
1319.99
999.99
779.99
829.99
999.79
899
399.99
479.99
2689.99
459.99
611.99
799.99
2785
