1553.95
822.11
4816.61
1568.83
529.99
984.99
949
2010.74
856.84
802.77
799.99
1319.99
541.43
1931.54
1639.01
757.05
1778.54
1627.58
1269.99
1409.48
442.93
942
1399.99
1596.83
1232.04
2815.78
1957.54
679.79
1642.54
1499.99
382.42
687.15
1554.63
699.99
1557.32
577.79
3205.66
1162.9
499.99
1608.16
1299
1717.47
290.62
331.77
307.41
1299
769.99
1372.31
1599.99
1622.99
1632.25
2866.79
714.99
1056.18
782.99
2104.84
1479.19
227.98
701.18
1911.29
946.79
2271.95
1311.21
414.11
1299.99
1499.99
1642.97
869
2569.97
1349.99
1844.21
879
952.05
679.99
638.55
199
439.99
2249.99
769.79
829.99
962
939.95
1778.81
1699.99
849
539.37
799.99
4679
1079.99
599.99
853
1524.99
489.99
526.99
1120.05
749.55
