599.99
625
1279.99
459.99
1199.99
999
925
1049
1279.99
589.99
525
769
469.99
1169
625
479.79
469
1239.99
999.99
1149.99
876.69
459.99
3129.99
879.99
539
953.58
635.79
425
324.99
639.99
929.99
875
349.99
836
415
2099
969.99
2317.49
478.79
625
899.99
1344.62
1499.99
2199.99
349.99
399.99
699.99
574.79
775
651.19
728.79
1779.99
636.79
975
869.99
349.99
449
999.99
1609.99
369.99
449.99
399.99
536.79
1024.91
586.79
627
389.99
899.99
997.99
920
616.69
2679
899.99
528.49
399.99
1864.99
849
657
566.79
399.99
1699.99
599.99
916
756.73
469
919.99
624.79
1129
475
594.78
598.79
587.79
916
949
899
549
