2549.99
799.99
2199.99
914.99
3499.99
2118.99
1736.99
1649.99
757.99
1029.99
949.99
1499.99
3598.99
1144.99
3999.99
731
3699.99
3641.99
1144.99
2099
787.99
892.99
2899
2499
4129.99
1907.69
1407.69
899
1899
1677.99
3999.99
899
999
2207.99
1899.99
1991
1599.99
899
1979.99
2199
3499
1049.99
1470.99
1449
969
4499.99
1049.99
3451.99
3799.99
1399.99
2299
1849
1029.99
899
2054.99
1000.99
527.99
1039.99
219.99
1967.99
609
1999
2627.99
969.99
1409.98
1002.99
1460.61
3466.6
1199.99
1999
3199.99
881.34
2991.99
1569.99
589.99
269.99
2199.99
839.99
2599
2599
2024.99
324.91
1793.91
1498.99
3640.64
395.26
245.99
709.99
1113.99
699.99
978.99
1367.07
1789.32
726.96
3199.99
1099.99
