345.99
1999.99
920.99
2489
1199.99
340.82
538.79
1212.84
499.79
1294.01
1586.82
1383.71
1159.66
3148.68
622.96
3199.99
699.99
689.99
3105.96
1056.19
549.99
1374.97
188.95
1542.99
1945
949
1545.99
622.96
1465.99
749.79
2099.99
1467.21
893.86
1241.93
1376.6
1458.86
1286.63
1097.62
979
1299.99
1424.24
999
4075.31
504.63
1478.57
1512.99
443.17
1500.34
371.99
1049.99
1583.06
999
1330.64
1199.99
4919.99
313.6
1562.21
2000.21
900.26
1420
1859
1069.95
2520.99
378.99
1416.76
298
1210.99
511.75
1708.99
1599.99
1320.89
1659.99
8999.99
1724.95
1610.34
764.62
1324.96
549.99
487
1702.6
984.99
1221.56
801.88
299.46
775
938.99
1892.48
893.09
429.99
1550.99
4820.23
259.99
1450.09
889.93
2840.78
1187.2
