1338
1310
1478
2099.99
2099.99
2099.99
2099.99
1361
1366
1434
1373
1269
1499.99
1409
372
1338
428
1339
1339
1699.99
952
2199.99
296
1051
1394
1394
1223.51
1999.99
1362
1403
1408
1409
799.99
1437
1683
1380
899.99
1899.99
1380
2219
1385
1433
1999.99
1699.99
848
661
988
289
1450
1268
1649.99
1059
1079
1408
1408
989.99
2287.99
1464
1416
892.77
357.99
1699.99
1419
999.99
999.99
1099.99
1429.99
339.99
988
764
751
988
1478
1479
358
1099.99
2199.99
1149.99
1441
728.99
1328
989
765
1196.75
609.99
281
358
386
358
358
1464
1149.99
674
1478
1478
1233.95
