749.55
399.99
711.79
1736.54
820.99
1186.65
999.99
1066.05
1837.31
4729
2179.05
736.84
698.15
710.99
1430.68
539
2110.48
1529
849.99
2801.37
1099.99
1549.99
478.79
1049.99
521.99
929.99
3689
981
349.99
999.99
1549
649.93
1319
869
1075
281.53
949.99
849
1199
1459
1052
479
865
959.99
915
1329.99
499.99
1199.99
1699.99
1182.65
940.05
670.89
999.99
1279
599.99
199
849.99
1269
1059.99
1260.99
949.99
2233.67
1489
943.24
662
549
549
251.99
515.56
1059
710.55
174.59
1308.23
656.11
949.56
649.99
1299.99
711.6
647.55
699.99
1026.4
499
1568.99
979.99
1149.99
1187.45
752.95
802.45
870.74
899.99
1249.99
699.99
670.45
1063.99
1269.43
599
