3514.99
3592.26
789.81
730.54
1024.21
759.99
718.56
1060.54
936.44
900.75
1134.21
1209.14
1048.01
1240.47
1103.54
1384.73
1561.54
1231.13
1505.95
1359.15
1844.54
1117.48
1902.21
1896.41
1636.54
724.87
918.35
963.6
1164.99
1069.22
1300.92
1180.8
1202.54
1378.21
1237.5
1339.54
1244.54
1605.54
1638.2
1618.16
1659.54
1432.83
1721.99
2002.21
2116.21
2120.67
1673.21
1945.82
1908.54
1890.28
1782.53
1592.54
2135.99
774.07
1017.04
1176.54
4375.99
4804.99
1220.99
1263.03
1451.88
488.99
378.27
927.59
941.03
877.48
599.99
682.06
1161.99
1360.65
1410.04
2179.99
2129
1675.99
1815.55
1714.99
2059.99
1575.02
1966.32
1118.49
949.99
2155.01
1673.85
2455.99
2529
2299.99
2435.6
1043.62
1839
1909
1400.11
1494.59
2279
2134.99
1499
1499
