1419.99
1889
1859.99
1859.99
405
849.99
999.99
469
1659.99
621.97
829
1259
1079.99
288
919.99
1549
1329
849.99
709
2054
605
1499.99
793.99
839
1792
1049.99
1089.99
1039.99
379.99
747.79
1499.99
1134.99
359.55
1399
549.99
1764
1399.99
1029
3564
549.99
4339.99
429.99
869
599.79
729
437.79
859
809
649
4339.99
1209.99
1214.99
2113
389.61
399
1184
542.49
1519
1239.99
1284.99
994.99
1600
2699
2599
1399.99
999
729
1999.99
509
1269.99
1269.99
539.79
1199.99
1299.99
549.79
429.99
1369.99
1309.99
1309.99
617.69
1319.99
1319.99
1339.99
668.79
1449.99
493.99
1359.99
819.99
1354.99
1354.99
1359.99
1359.99
1384.99
779
1404.99
2085
