699.98
699.99
1269
406
1699.99
1059
833
722
899.97
999.98
1679.99
1702
260
678.95
1999
589.99
689.99
1193
499.78
303
1099.99
428
703
899.97
999.98
608
999.99
899.99
1198
674.99
563
2099.99
488.12
638
689.99
1739.99
899.99
676.79
699.79
599.79
617.79
716.79
733.79
693.89
1299.99
261
341
1220
1754.99
579.99
1229
1339
2099.99
238.99
899.99
1099.99
549.99
619.99
569.99
729.99
599.99
679.99
589.99
719.99
699.99
659.99
629.99
559.99
669.99
599.99
799.99
569.99
759.99
649.99
869.99
629.99
699.99
589.99
1233
19.99
988
1299.99
629.99
659.99
669.99
669.79
1199.99
1679
899.99
799.99
1099.99
899.99
999.99
1049.99
799.99
1240
