518.79
1280.37
686.79
1634.98
369.99
579.99
789
621.99
761.49
659.99
969.99
689
992
1113.94
1384.16
945
665
719
519.79
749.99
489.99
956
906
445
795
607.99
858
1988.53
1239.99
1505.21
929.99
999
1422
1253
775
849.99
699.99
1242.05
929
699.99
769.99
1589
302
662.63
699
559.99
699
1579.99
1049
1099
1332
1517.49
675
599
1483
946
479
689.99
749.99
1399.99
1149.99
577.79
588.29
2464.08
600
699.99
439
799.99
399.79
529
479.79
449.79
749
1599.99
679.99
549.99
699.99
775
419.99
425.99
493.5
986
779
399.99
1299.99
1397.53
832.99
949
796
675
1449.99
699.99
1219.99
26.99
839.99
615
