899.99
2379
454.98
845
1599.99
1699.99
1478
1089.99
999.98
1799.99
1450
1030
569
541
905
499
666
922
918
708
512
931
1010
849
456
849
895
485
820
759
1031
358
341
411
896
359
359
988
709
399
1080
498
834
270
484
821
779
785
1038
989
1189.99
905.2
995
359.99
1618
989
1139.99
450
931
638
821
638
1253
764
2399.99
1699.99
1699.99
1699.99
1699.99
1699.99
1699.99
1149.99
1149.99
2439
1199
1929
1799.99
366
1849.99
1325
289.99
219.99
1899.99
1051
608
2499.99
858
1172
387
899.97
869.99
1179
1114
1149.99
1185
579.99
