599.99
1269.99
1369.99
1169.99
869.99
739
784.99
959.99
1179.99
294
715
255.99
3919
526.79
1299.99
2014.99
619.99
889
1004.99
984.99
779
949
779
819
1099
1129.99
569.79
2489.99
1349.99
699.99
649.75
146.99
379.99
1489.99
1417.79
578.79
729
769
939
819
904.99
1399
887
999.99
1099.75
1823.95
1416.99
436.79
444.8
1119.99
479.99
2999.99
1399.99
729.99
599.79
589.79
819
819
1009
959
959
709
749
1009
739
849
779
849
779
859
1009
939
859
1069
1629
1119
1219
1719
1914.99
1099.99
1099.99
619.99
271
1419.99
1764.99
1469
1409
796.8
679.99
949.99
1834.99
1534.99
729.99
1169
459.79
1429
