2399
649.99
999
2999
539
799.99
1049.99
1799.99
1245
2985.98
949.99
569
769
1689
799.99
924.59
1899.99
865
1698
574.79
676
742.97
1230
999.99
1599.98
1179.99
919
1799.99
489
3519
808
877.78
829.99
1169
638.98
1399.99
942
3469
649.99
669.99
429.99
440
1698.99
905.15
7188.99
1139.99
819
736
839.99
903.99
739
302
501.19
604.99
199.99
599.99
2599
849.07
760.79
769.97
747.99
1369.99
826
739
739
779
286.3
3549
1179.99
2479
1748
1798.99
460
899
1069
337.99
1385.1
439.99
159.99
999.99
1017.99
487.79
719
789.99
799.99
1199
549.99
3579
1149.99
1099
389
562
543.19
1069.99
769
2849
