575.79
629.78
499.79
549
543.79
1914.99
639.99
598.79
649.79
555.19
749.99
649.89
729.99
538.79
548.11
659.79
643.99
548.79
526.79
559.79
649.79
579.79
688.11
576.79
559.79
499.79
439.79
1597.84
199.99
399.99
784.99
549.99
2719
3299.99
899.99
477.5
449.99
559.79
449.79
469.79
377.79
599
559.79
428.33
479.79
1399
587.99
591.19
569.79
649.99
569.99
599.49
629.79
636.79
499.79
609.89
528.99
599.79
677.79
699.79
769.79
556.99
609.89
616.99
522.79
779.99
499.99
662.79
646.66
552.19
566.79
576.79
626.79
611.99
666.99
599.79
539.19
690.38
686.79
645.99
639.99
799.99
616.69
579.19
559.99
716.79
1029.99
723.79
599.79
699.79
684.99
2579
539.99
931.79
279.99
499.79
