1959.99
714.99
1049.99
639.99
735.99
749.95
1308.99
1299.99
1474.99
1039.99
1529.99
1049.99
1249.99
999.99
689.99
1659.99
799.99
617.99
1163.99
799.99
2499.99
799.99
799.99
2541.17
2089.99
699.99
1562.42
2281.99
849.99
1399.99
999.99
1899.99
1476.98
2299.99
949
1939.99
482.99
1099.99
1699.99
2699.99
1312.99
1080.33
183.95
999
577.99
1029.99
899.99
899
850
1282.99
308
3717.99
1349.99
1975.2
1199.99
449.99
1820.99
699.99
629.99
1599.99
378.99
199
1920
1925.99
1587.99
898.99
1129
2015.98
1948.7
374.99
920.99
799
2069.17
1449.99
799
3328.99
1783.99
737.99
2913.99
409
699
1691.99
2205.99
899.99
1500.54
624.7
620.99
2729.99
1255.81
3251.99
2397.99
1563.91
317.09
1682.54
1993.99
2490.99
