899.97
1454
249.99
311
815
719.99
1899.99
1899.99
1669.99
1199.99
1199.99
1199.99
1199.99
317
1199.99
1399.99
1099.97
1049.97
699.9
699.99
473.89
724.99
709
1100
904
665
917
1649.99
675
1408
1710
569.79
1199.99
524.99
1016
1099.99
1099.99
1128
1249.99
2099.99
1409
539.99
918
849
512
546
652
427
617
429
1899.99
849.98
899.97
979.97
1099.97
999.97
979.97
979.97
1380
799.99
705.81
317
332
1299.99
599.99
477
491
694
899.97
485
1634.29
1124.99
1679.99
1299.99
639.79
757.79
756.79
679.79
763.79
676.79
657.79
1299.99
1299.99
1129
889
298
759.99
834.99
1899.99
1424.99
304
1016
527
865
1268
979.99
