794
1804.99
1215
1449.99
1234.99
1099.95
1449.99
1849.99
1959.99
1849.99
799
1850
1942.8
979
1504.99
1714
1989
1294.99
860.99
399.99
2214.99
1314.99
1314.99
819
964
729
669
1404.99
1199.95
537.79
429.99
699.99
1614
168.99
859
1154.99
1049.99
283
1599.99
299.95
1784.99
1784.99
699.99
1119
599.75
1594.99
989.99
1159
649.99
249.99
2104.99
2104.99
219.99
2019.99
2019.99
686
539
267.99
979.99
949
999
819.99
514.99
1049.99
1494.99
1258.99
1114
1699.99
1839.99
319.27
1099.99
949
1629
1009
699.79
599.99
1699.99
4089.99
419.73
1009
979.99
859
799
789
919
549
649
369
479
279.99
929
829
779
929
549.99
1419.99
