1714.95
1492.99
1924.99
1523.54
2712.99
1308.99
1395.89
1364.54
3493.99
259.99
332.99
549.99
219.99
318.33
249.99
249.99
218.28
446.99
649.99
421.99
321.99
411.21
332.99
2079.99
871.25
2339
2047.99
999.99
1583.99
1054.68
1299
2274.99
1999.99
1049.41
1728.99
452.49
927.99
933.99
662.99
683.99
1638.99
906.74
988.72
930.12
639.99
837.94
1142.54
1139.52
1049
899.99
1044.99
1091.29
1149
599
601.99
1129
1649.99
2063.73
2059
1919
1297.84
1073.25
1389
1189
812.73
1000.9
1682.92
1943.73
1646.49
1628.03
328.99
660.99
525.76
235.8
789.6
2132.99
879.99
773.92
929.46
524.41
654.99
2008.99
3249.99
2984.36
4751.68
1658.99
1601.99
1968.99
1499.99
949
1426.99
782.71
1619.99
324.91
328.99
1215.47
