1404.99
1404.99
899.99
1419.99
1419.99
934.52
1429.99
1429.99
1289.99
329.99
1144.99
559.79
1459.99
1465
289
1459.99
1459.99
1839
1479.99
1479.99
1844
791.36
1504.99
1504.99
699.99
869
1349.99
2539
1454.99
1399.99
1214.99
1699.75
2674.99
719.79
684.95
909.99
544
549.99
1579.99
1579.99
1799.99
4569.99
4569.99
1729
1789
799.99
2699
699.99
1204
929.99
2379
1349
1729
459.99
539.99
4614.99
2504.99
1649.99
1099.99
1099.99
2258
2259
569.99
658.99
449.99
1774.99
894.99
1399.99
359.99
289.99
650
5289.99
509.99
4694.99
4694.99
2199
784.99
499
864.99
1799.99
738
779.99
599.79
1849
999.99
499.99
799.79
944.99
519
1549.99
379.99
864.99
719
864
814.99
1394.49
