470.78
649.99
156.85
707.5
735
386.5
859.99
799.99
173.9
479.99
573.99
357.79
1549
1479.99
394
599.79
499.99
539.79
599.79
783.99
489.99
539.99
499.99
599.79
569.79
599.99
599.79
739.79
667.79
519.46
499.79
619.79
629.79
836.79
519.99
459.99
418.99
726.79
764
678.5
696.79
668.79
829
1099.99
1599.99
999.97
799.99
1159
499.79
2669.99
815
1349
1259.99
597.5
589.99
987
1099.99
799.79
792
339
1239.99
649.99
1149.99
417.49
239
1269
1179.99
1001
733.5
799.79
713.5
886.79
949
229.99
959.99
616.79
1079.99
1139.99
1139.99
418.5
399.79
1499.99
1189.99
576
484
999.99
598.79
599.79
541
848
1199.99
4743.55
2719
1249.99
764.79
1010
