1599.99
1599.99
1599.99
1599.99
1799.99
1027.99
362
2379
1253
1899.99
669.99
3159.99
1200
1149.99
1149.99
1030
1250
829.79
1221
1221
1189.99
882.31
1129
423
774
409
3164.99
1299.98
1410
1269
1269
775.99
1365.99
1264.65
1429
3199.99
899.99
1381
317
1291
456
814
1059
1296
275
1409
256.99
994.99
460.99
779.79
839.79
462.99
481.99
389
1269.99
404
1408
1269
1321
1325
799.99
1408
1259.99
999.99
899.99
949.99
1849.99
849
289
1029.99
1305
807
359
199
638
899.97
809.41
839.79
829.79
859.79
902.99
1150
999.99
2419.99
1101
1380
1380
1099.99
1408
1368
471.77
989
359
899.99
1828
3214
