484
1179
821
285
1408
1186
457
1759.99
1759.99
1759.99
1759.99
1759.99
1499.99
1192
1192
1192
849
1198
1198
699.99
425.99
1099.99
2099.99
1240
1699.99
1246
2094
367
1250
1253
1254
1254
1254
1255
694.97
1257
259.99
1130
498
1395.9
1263
1599.99
1599.98
1699.99
1699.99
1699.99
1265
1297
840
1267
1268
1182
1249.99
945
1439
1240
1240
1529.97
400
338
765
694
373.98
436
500
2538.97
390
428
355
1072
978
1296
1499.99
633
2099.99
1268
428
1197.98
1268
1499.99
1310
899.97
1409
873
1699.99
1699.99
1699.99
1699.99
1281
1499.99
2099.99
2099.99
1334
882.79
1465
1338
