3574.99
2099.99
2099.99
2099.99
1208
1256
413
942.99
1044
314
499
499
344
508.74
779
1059
709
709
793
1059
779
1283
1135
2099.99
299.99
1299.99
425.99
849
689.99
1199
1478
2199.99
899.99
749.99
1287.95
1563.97
1353
3728.99
2099.99
1408
829.99
766
596
1265
1269
270
798
1397
778
848
1064
1058
918
961
849
849
2099.99
891
289.99
1349.99
1115
379.99
1084.99
2839
330
355
751
1478
3614.99
2099.99
1099.99
989.99
2449
639.99
499.99
1899.99
1380
1949
2099.99
2099.99
2099.99
2099.99
1408
946
1409
1219
1399.99
749.99
1899.99
299.99
1100
1089.99
2099.99
1115
1121
1367
