1999.99
1599.99
1899.99
1499.99
1599.99
1599.99
1599.99
1599.99
1599.99
1599.99
1599.99
1388
1499
1199.99
1499.99
1325
1539.99
1099.98
1499.99
1058
569
1130.99
1152.78
949.97
1344
866
680
815
953
785
1409
316
374
979
1649.99
1199.99
729.99
1128
544
1129
785.99
929
344
709
609.99
1699.99
1599.99
1599.99
1599.99
1599.99
1599.99
1599.99
2279
1086
964
1016
1222.99
1599.99
1013.16
666
652
819
961
1086
1072
1037
1059
779
1058
974
1016
1100
638
876
918
974
1059
848
1016
919
947
975
975
1016
835
980
1059
848
905
1110
680
1100
989
765
1100
1031
