1059.99
1079.99
518.79
249.99
2059
848.5
856.79
487.5
999.79
899.99
1529.79
476.78
519.99
569.79
1299.99
589.99
1343.69
625
967.79
937.79
1027.79
967.79
1049.99
349.99
949
1049
899
696.99
499.99
516.99
714.49
499.79
1634.99
424.99
509.99
539.99
596.99
979.99
749.99
589.79
569.79
589.79
599.79
599.79
766.99
289
1479.99
1304.99
1092.79
966.79
1018.79
1239
1149
792.99
586.78
529.78
469.99
659.78
566.78
746.89
729.99
694.99
696.99
499.99
466.99
676.99
479.78
599.78
1592
599.79
629.79
246.99
1269
586.79
722
1179.79
1119.79
1199.79
967.79
1189
1156.79
1099.79
1186.79
1198.99
899.79
899.79
766.69
2999.99
2945
899.99
1199
2319
3299
689.99
2950
294.99
