1039.99
1106
999.98
813
772
3289.97
884
269.99
759.99
309.99
463
1199.99
719.99
499.99
1039.99
1249.98
628.99
568.99
699.99
598.99
668.99
619.99
687.79
733.79
747.79
749.79
1148.99
705
959
848
988
499
638
708
979.99
719.99
1599.99
1449.99
669.99
1614.99
1166.99
227.99
839.99
1349.99
1139.99
979.99
899.99
969.99
824.99
1085.99
1199.99
1039.99
747.79
667.79
699.79
769.79
769.79
667.5
1969
899.99
3419.99
699.99
1499.99
1449.99
788.24
752.94
2134.99
899.99
859.99
1099.99
612.99
862
699.99
999.97
1785
685.99
934.99
999.99
1099.99
979.99
1079.99
899.99
1099.98
537.97
1399.98
529.99
519.99
559.99
569.99
459.99
599.99
1979
1499.99
1999
999.99
799.99
