1449.99
932
1399
699.99
954.08
310.28
649.99
775
498.79
673
984.99
1147
947.19
1079.99
2060.99
399.99
209.99
581
899.99
547.76
864
377.79
346.99
1299.99
979
564.79
510.39
329.99
831.34
1099.99
849.99
449.99
456.29
1157.07
799.79
310.07
555.98
285.99
419.08
3954.32
969.99
549
505.79
1149.99
889
1484.49
745.33
1154.49
749.99
2013.81
1059.99
399.99
779.31
1095.99
248.99
1499.98
1145.99
769.99
3533.21
489.99
599.99
359.99
1039.99
1989.99
758.4
844.17
1291.99
1089.99
1350.46
373.99
514.79
628.22
415
768.98
783.75
1163.22
1833.36
999.99
1628.99
939.99
901.87
1464.5
521.89
575
914.43
1049.99
1199.99
799.99
659.26
1118.64
839
689.99
809.99
1149.99
598.96
1099.99
