1394.49
655
634.99
575
1400.46
799.69
549.99
676
1249.99
892.59
5134.99
944.99
884.99
914.99
964.99
529.99
3859
1295
799
699.99
1039
864.99
995.99
1009
884.99
1279.99
454.99
999
1789
1384.99
1134.99
589
1015
994
894.99
994.99
1164.99
519.47
289.99
1164.99
749.99
986.99
1134.99
736.79
2355
799.79
1574.99
1239.99
1274.99
4819.99
254
556
1183
479.99
599.99
749
1773.79
1334.99
1325
1225
1849
1095
199.99
1204.99
1129.99
2917.64
2387
1204.99
62.99
545.79
1609.99
1279.99
1699.99
1414.99
1414.99
1344.99
1184.99
1469.99
1634.99
1864.99
979.99
1099.99
599.79
993.75
2899
1234
1114
640
509
999.99
799
5889.99
1259
784.78
769.79
764.99
