699.99
699.99
399
799
229.99
299.99
2891.46
449
553.99
1149.99
379.99
687.99
599.99
599.99
3429.99
699
379
999.99
449
1699
329.99
279.99
1499
1974.99
1399.99
1715.6
1610.34
1461.82
1139
599
599.99
599.99
1787.74
869
749
899
619.99
2097.99
649.99
1299.99
599.99
529.99
446
894.99
579.99
1249.99
699.99
629
689.99
1199.99
999.99
838.88
539.99
979.99
834.99
1959.99
699.99
1049.99
639.99
735.99
749.95
1308.99
1299.99
1636.24
1039.99
1529.99
1199.99
1219.99
999.99
739.99
1659.99
799.99
617.99
1163.99
799.99
2499.99
1999.99
799.99
799.99
2541.17
2089.99
749.99
1562.42
2281.99
511.07
849.99
1399.99
999.99
1899.99
1456.5
2299.99
1299
1939.99
482.99
564.9
1571.54
