494.99
440.62
2131.91
734.99
2592.7
1999.99
551.28
569.79
549
435.11
636.79
415
2059.67
1628.25
789.99
1999.99
1225.3
843.83
279.99
1099
825.98
1613.2
1169.99
749.99
669.99
2099.97
797.07
375
1049.63
889.28
550.79
707.99
2381.99
908.92
399
1599.99
769
374.79
866.99
1398
2271.99
2124.99
1949.99
2027.96
2199
1715.6
2223.16
669
599.79
2829.99
972
290.99
677.99
958.91
564.79
539.99
1199.99
579.99
666.99
1111.95
1319.99
895
340.99
1039.99
1199.99
2297.37
2407.99
2332.05
2314.89
1719.99
2671.71
629.99
909
588.78
530.79
449.99
849.67
1039
1698.23
979.99
1650.34
2627.99
2902.46
650.34
448.76
548.79
1525
499.99
2822.49
793.64
548.79
5839.53
950.99
1599.99
1046.52
345.99
