309
299.99
1420
897.95
679.99
679.99
398.99
382
999
3569
798.99
464.88
399.99
1489.99
1549.99
1019
679.99
329
249.99
433.99
679
1087.99
1420.99
1474.99
1399.99
1720
699.79
594.99
6339
1534.99
1609.99
1244.39
3969
479
479
1534.99
949
1609.99
1899.99
924
929.99
1599.99
449
699.99
949.99
524
6439
814.99
1609.99
789.99
324.37
1349.99
929
1044.99
839
193.99
1164.99
499
1064.99
1719.99
1049.99
894.99
999
624.99
799
7139
2399.99
599.99
1384.99
1064.99
1094.99
1089.99
1014.99
1164.99
929.99
1064.99
1094.99
1114.99
229.99
1838.65
1144.99
869
729
899.99
799.99
1939.99
1799
1164.99
519
1549
1169.99
499.79
1179.99
939.99
1194.99
1782.32
