437.79
1060.69
1149
549.99
699.99
729.99
949
949.99
675
1049.99
1589.99
1119.99
567.79
469.99
1165
849
729.79
499.99
1249
1199
1119.99
999
579.79
1769
623.69
1249.99
699.79
567.79
587.79
409.99
839.99
999.99
344
699
677.79
569.79
599.79
629.79
599.79
539.78
759.99
559.79
599.79
519.79
776.99
255.99
1339
769.99
999.99
839.99
829.99
657.79
599.79
757.79
689.79
667.5
469.79
1275
1099.99
777.79
796.79
669.79
699.79
1699.99
576
889.99
1248
699.99
651.79
949
649.99
638.79
588.79
658.79
618.79
399.99
1063.79
599.79
2449.99
799
729.99
999.99
899.99
739.99
769.99
729.99
829.99
899.99
739.99
839.99
789.99
699.99
789.99
448.99
302
289.99
