329.99
1272.95
1182.65
1033.56
1099.99
1319.99
526
742.99
1739
727.51
661.05
1289
839.99
3193.21
1399.05
1267.18
889
1479
1449
1829
1569
1599
941.45
1739
679.97
370.69
269.95
945.45
1197.99
1399.99
875
1070.82
1629
849
2279
923.79
914.99
1019
672.88
1469
889.99
429
949.99
779
1143.99
499
785.78
653.95
3503.99
749
699.99
475
479.65
649.99
699.99
1020.82
1872.77
1119.99
1604.99
1899
802.45
1020.5
919.45
1079
523.43
649.99
999.99
714.45
749.21
641.59
949.04
996.79
529
199.99
1039
1299
1239
541.12
546.74
632.24
970.99
616.05
1811.02
920.29
1090.12
884.99
969
1298.74
923.45
846.96
625
1054.16
391.94
1819
1789
1181.24
