999.99
799
875
599.79
696.97
1414.95
749.99
599.99
999.99
565.79
561.5
1299
709.39
1162.99
1489.99
1099.99
575
1859
1049.99
1099.99
865
1099.99
765
1249.99
1049.99
599.79
1296.9
1049
1199.99
799.99
2340.99
1149.99
699.99
474.99
1199.99
1469.99
725
999.99
1396
725
1159
949.99
378.79
847.79
949
829
1339.99
1089.99
459
899.97
1115
2499
969.99
719.99
2418.99
869
1169.99
1121.95
1359.43
689.99
399.99
689.99
1399
809.99
700.69
1089.99
1409.99
989
534.79
313
1569.99
729
579.99
515
749.99
599.99
485.99
1589
759
809
779
1399.99
422.99
1569
699.99
1169
328
1539
1527.21
419.99
449.99
1261.76
413.99
518.79
1280.37
461.99
