782.33
499.99
1159
572.09
629.99
759.99
464.99
1059
919
531.79
999
1540.26
2905.47
1799.99
419
2249.99
1889.99
775
759.99
3499.99
899.99
865
789.99
759.99
339
949.99
1199.99
1399.99
1769
729.99
1709
1179.99
259.99
949
559
1149.99
359
2079
429.99
488.83
1699
969
1699.99
994.99
250.46
998.55
920.99
2099
399.99
1089
699
1089
1129.99
917.3
949.99
779
819.99
219
1599.99
949
829.99
1499
1799.99
618
997.49
558.97
692.65
892.32
1329.99
649.99
340.99
863.64
819
999.99
799.99
249
769.99
2887.99
919.12
1599.99
729.79
875
1053.99
883.99
949.99
199.99
589.99
433.68
789.79
1519
1229.99
875.34
650
709.99
942
799
