1049
1249.99
1209.99
699.99
869.99
789.97
999.99
439.99
239.99
1070.45
999.99
849
925
849
986.99
801
1819.84
499
369.99
999.99
948
852
579.99
1449
925
949
689
1049
1049
1199
1099
981
429.19
849
899.99
1149
1149.99
975
1199.99
1599.99
1017.63
450
1099.99
499.99
699
1299
756.79
598.79
1049.99
1599.99
1049.99
548.79
1099.99
699.99
836.79
1419
549
839.99
1399.99
949.99
506.69
618
895.97
599.99
639
459
787
999.99
569
499
699.99
819.99
1394.95
899.99
469.79
519
599
749
1399.99
1113.11
799.99
1458.86
849
269.99
689.99
1599.99
787.79
757.79
759.99
1109
999.99
539.99
499.99
574.79
928.29
2512.83
