418.18
879.99
406.99
699.99
452.99
364.99
1309.43
2453.1
891.41
774.99
1761.84
3946.99
899
319.95
999
1599.99
1199.99
921.98
1208.68
279
819.99
1348.99
749.99
710.99
642.82
167.62
1944.76
1116.99
319.99
3617.99
246.43
499.05
629.99
629.99
1129
739.99
229.99
870.99
345.99
2949.99
1220.99
823.99
1641.99
717.99
514.84
1833.43
384.99
257.99
1550.62
496.99
1166.99
788.2
1406.56
284.99
329.99
1329.99
1795.06
1329.99
1270.99
373.43
867.28
1753.21
1899
2380.35
2171.52
1169.99
635.65
787.99
1846.69
1821.99
1504.67
614.99
2742.28
1656.68
1882.85
2061.05
1538.57
885.13
1454.21
1078.99
734.99
303.57
250.66
914.78
2095.99
1577.26
1852.99
739.99
1861.02
1899
1025.89
2031.87
354.99
2028.91
1406.99
2979.99
