1099.99
896
779
1187.1
749.56
1542.99
919.68
1139.99
2149.99
624.49
876.76
579
916.78
750.13
662
846.08
1039.99
377.99
446.92
1164.99
650
846.69
1222.4
1256.99
301.99
1049
1845.52
1472.64
1744
1043.62
1006.99
1521.74
1768.99
757.99
1043.82
1560.41
837.89
667.15
199.99
1399.99
659
1347.01
327.84
1089
1639
405.61
839
432.99
1179.99
1455.37
271.99
1385.6
1192.99
1349.98
484.99
2362.99
895.34
709.99
599.99
394.99
1679.99
366.81
503.79
879.99
844.92
1573.08
840.72
1719.15
1500.18
299.99
894.99
2379.99
941.99
1052.34
669.79
801.99
1997.17
353.99
439.99
849.86
1534.05
747.5
1524.99
1664.2
1929.52
1892.03
1225.11
2136.99
1152.99
645
449.36
2414.8
1198.88
1597.73
649.99
1478.47
