389.79
294.99
527.49
766.79
906.78
545.49
836.79
427.49
696.79
673.79
449.79
596.99
839.99
178.25
578.79
559.79
699.79
3059
665
1199.99
669.99
1399
639.79
697.79
686.69
699.79
639.79
864.99
499.99
448.99
1114.99
1699.75
2694
896.79
559.99
723.79
969.99
617.79
627.79
539.79
379.79
559.79
469.79
2739
1429.99
659.79
589.79
639.99
639.99
539.79
339.99
629.79
542
649.79
699.79
699.79
689.79
639.79
679.79
679.79
699.79
729.79
639.79
669.79
679.79
699.79
2769
545.99
772
549
549
834.99
614.99
1279.99
2059.99
1399.99
544.79
1499.99
2199.99
499.79
419.69
429.79
455.79
2829
519.79
449.79
579.79
539.79
549.79
539.79
539.79
569.79
569.79
539.79
469.79
519.79
