2249.99
1199
504
1207
699
394
1436
296.99
499
1530
239
3581.35
1403
2059.57
1269
1431.99
1385.1
2099.99
1499.99
1027.99
1464
904
1236
1478
1493
549
848
1478
253.3
2254.99
1999.99
1464
1099.99
766
766
1414.99
682.98
258
2095.99
1282
2119
1099.99
1099.99
1410
1410
993.99
1489.99
1025.99
982.99
1435
751
1140
260.99
1311
1025.99
807
681
539
1099.99
1099.99
1099.99
1338
959
3949
1359
619.99
499.99
1346
253.33
815
906
975
1086
1352
1339
912
799.97
2299.99
779
695
709
557.99
899.99
599.99
1260.99
2126
2249.99
2249.99
877
758
1059
569
414.99
988
607
498
