1110.99
669.99
356.78
366.78
579.79
771.99
899.99
699.99
139.99
889
1029.99
599.99
979.99
1009.99
1069.99
949.99
1029.99
1179.99
919.99
969.99
1219.99
1035.99
799.99
1519.99
3409.99
479.79
511.79
469.79
599.79
499.79
479.79
547.5
599.79
599.79
499.5
1899.99
398.33
389.79
899.99
469.99
280
1018.79
626.69
1249.99
679.99
569
999.99
1268
999.99
1299.99
225
1279.99
889.99
626.79
1099.99
469.79
557.79
498.79
1319.99
629.99
1899.99
946.79
896.99
649.99
649.99
999.99
1249
309.99
260.95
834
1499
789.79
1700
1249.99
1198
1171
569.99
1199.99
1649
791.99
1249.99
709.99
1399.99
1819
1045
946.79
1018.79
599.99
889.99
1149
1299.99
1234.99
2059
1414.99
726.79
749
