943
1031
1599.99
302
261
1156
265.99
1599.99
999
1499.99
325
331
564
303
918
415
638
866
429
372
1199.99
1409
284
1226
692
852
1085.99
1599.99
899.99
1349.99
1349.99
344
1299.98
393.99
999.99
1699.99
1499.99
359
325
1197
1249.98
1119.99
1899.99
578
1999.99
1999.99
1198.94
819.99
316
275
568
339
1198
1198
1199
1199
1199
1829.99
849
569
1171
1207
328
278
278
344
278
292
1899.99
428
1399.99
1399.99
449.99
1140.99
1725.32
1299.99
1999.99
1999.99
1199.99
1443
1299.99
1999.99
1499.99
1299.99
1429.99
471
499
1499.99
1699.99
1199
235
1999.99
318.99
699
1167.99
1449.99
