381
779
410
542
329.99
699.99
373
929.27
1549.99
1309
379.99
1299.99
1099.99
1399.99
1399.99
659.99
1499.99
2099.99
358
667
922.77
1569.99
1409
1099.98
1499.99
369.99
759.99
989
750
987
312
1594.99
1594.99
1999.99
1599.99
1367
2025.99
1249.99
699.99
1599.99
1179.98
989
457
1599.99
985.15
1112.99
1297.99
1249.98
1199.98
1199.98
1649.99
1649.99
1649.99
1099.99
1381
429.99
750
599
947
456
741
747
1317
1499.99
2190.99
924
919
918
848
778
1059
666
1086
1003
748
932
893
652
989
989
764
919
988
607
848
834
708
1059
708
736
933
848
1015
989
751
918
