638.79
374
729
1669.99
1699.99
698.99
949.99
594.79
668.79
1539.99
1769.99
749.99
478.01
1329
749
1539.99
563
989
740
697.79
448.79
1297.2
899.99
598.99
647.79
544.79
727.79
599.79
519.99
1821.14
623.68
1549.99
624.1
899.99
949.99
1999.99
999
869.99
999
729
599.76
729
577.79
719.04
1049.99
649.99
899
729
666.79
729
2079.74
599.79
849.99
729
999
729
949
729
875
358
498.76
3203.85
1025
674.99
865
875
592.79
1389
729
489
2759
645
849.99
825
849
899.99
932.84
2262.86
699.99
899.99
425
514.79
899
639.99
589.99
879
1313.43
899
528.49
999.99
399.99
1795.98
1999
549.99
479.73
715
