1699.99
1199.99
1099.99
1299.99
1399.99
999.99
1397.99
1429.99
849
754.99
663.78
576.99
566.78
371
469.69
526.83
1299.99
899.99
592.66
449.99
527.78
815
469.99
1249.98
596
865
713
1002
960
834
400
2149
387
633.79
547.66
517.69
309
839.99
999.99
1399.99
1399.99
1499.99
1499.99
1299.99
295.95
234.99
871
1499.99
832
749.99
3214.99
1599.99
729.99
659.99
395
650
331
539.69
456.79
1199.99
559.99
489.99
789.99
427.99
945
1049.99
999.99
949.99
1249.99
529
526.78
1399.99
294
819.99
969.99
629.99
499.99
489.99
539.99
529.99
549.99
499.99
599.99
659.99
559.99
619.99
847
899.99
1959
2189
820.37
1399.99
1699.99
1699.99
546.99
1297
