725
1519.99
1327.98
3566.38
749
2699
4260.64
2996.99
1579
1199.99
2189
1299
1799
3307.09
729.99
249.99
584.99
1099.57
999
468.76
229
854.99
776.15
1003.85
1499
1088.24
371.69
1599.99
1082.99
689.03
1109
391.99
660.05
919
1210.99
1143.35
1699
1253.06
1072.16
1215.35
829.99
548.67
2089
2039
2020.34
841.72
638.39
706.09
1013.64
569.99
1889
2129
624.19
669.59
564.29
510.29
516.59
800.27
559.21
657.44
1129.99
429.29
379.79
497.79
1019.99
1069
849.14
852.52
628.87
1069.46
548.24
1267.99
1959
537.29
529.19
1018.21
1206.99
1029
765.44
725.62
820.79
1165.36
1267.96
149.99
569.99
2269
2219
999
2239
1449.99
1513.16
1437.02
2259
849.99
749.99
3768.99
