769
516.79
437.79
399.79
1239
699.99
601.79
1449
849.99
4819.99
1849.99
2069
1469
560
559.79
669.79
749.99
739.99
1789
301.38
386.79
379.79
1539
629
689.79
769.79
979.99
533.79
449.79
519.99
869
1724.99
439.69
827.79
599.79
589.99
649.78
559.79
559.79
699.79
599.79
569.79
599.79
556.79
646.79
320.99
1009.99
763.5
1449.99
1494
457.99
499.79
446.79
399.79
446.79
588.99
599.99
2089.99
2164.99
329.99
529.99
399.79
439.69
2609.99
1274.99
1679
349.99
914
686
1127.56
2312.99
644.79
587.79
749.99
569.99
569.99
519.99
549.99
499.99
549.99
599.99
2094.99
479.99
2144.99
3834.99
1749.99
936.27
1634.99
536.79
579.79
519.79
797.79
839.79
567.79
573.79
1099.99
