1779.99
1789
775
1040.82
1764.4
1992.2
649.99
1130.97
1779
1379.81
529
529.99
1648.99
353.11
1799.99
1081.8
640.99
1570.38
1319.99
2009.99
429
314.97
898.99
831.34
1939.15
569.99
599.98
2279.97
799.99
1519.99
2036.96
1064.99
629
2801.91
1278.99
272.05
439.99
1309.99
1849.99
3349
1599.99
349.99
843.06
2657.59
1692.02
1099.99
1849.99
729.77
992.31
839.99
316.99
939.99
1004.34
1044.47
1169.99
2199
1199.99
871.8
1411.99
739.99
1036.4
1464.21
629.99
1188.21
1453.53
1431.77
1277.42
1262.99
1347.21
1249
589.99
1383.18
1399.52
1877.44
1039.99
892.32
1399.99
1638.99
289
1616.54
490.99
1085
425
1399.99
1599.99
393.99
2072.46
2122.74
1649.97
565.28
1712.77
1515.99
344.99
565.58
365.99
359.99
