526.79
566.79
496.79
556.79
594.79
606.79
606.79
606.79
496.79
656.79
1199.99
1099.99
1318
999.99
566.79
899.99
553.5
280
1599.99
1199.99
1599.99
478.79
459.79
616.99
548.79
478.79
548.79
391.99
1128
599
2099
345
330
316
799.99
999.99
679.99
287.99
1299.99
969.99
1599.99
5259.99
199.99
2109
1299
1199.99
487.56
582.79
427.78
318.99
1399.99
1299.99
1999.99
577.5
488.79
599.79
415
659.99
1099.99
1199.99
599.99
797.5
569
274
2159
799.99
399.99
646.69
646.69
699.99
683.99
2159
566.79
534.99
329.99
419.99
999.99
499.78
703
820
716
1376.79
539.99
1599.99
599.99
548.88
562.79
557.99
579.99
599.79
639.79
549.79
526.69
588.79
498.79
1699.99
