1013.95
1520.34
948.99
269.59
240.99
275.61
1355.49
747.99
2349.99
218
1017.84
1478.99
769.99
1194.99
942.99
1073.91
1712.24
2037.41
775.99
1106.22
772.49
1343.99
789.99
1314.99
1635.21
1731.99
1470.99
1771.99
1827.99
1827.99
362.99
405.12
819.99
1461.62
865
799.99
711.99
855.54
1478.99
861.37
745.99
609.99
746.79
598.95
1468.04
1381.99
1011.85
814.99
839.99
787.99
2749
890.99
1357.45
1609.99
1246.99
740.34
1896.99
627.32
1342.99
712.99
587.99
1052.99
995.99
1083.68
928.35
1199
947.72
965.99
379.05
917.75
994.99
850.13
945.99
663.92
1381.8
1556.99
1785.99
2367.99
979
2464.99
729.99
647.99
979
1381.99
979
2483.99
619
1112.99
799.99
1099.99
1299.99
1299.99
1899.99
1628.99
1299.99
179.99
