699.99
579
1096.69
1066.69
1096.69
1069.79
1056.79
1196.79
1039.79
1045.69
1066.69
1039.79
1276.79
1046.69
1076.79
941.78
999.79
1018.79
946.79
1096.78
1734.99
666.79
739.99
409.99
498.99
468.99
694.49
1398
1299.99
732
479.99
769.99
979.99
926.99
938.99
316.79
659.79
485
876.99
949.99
999.79
899.79
1018.79
956.79
956.79
879.78
889.99
304.99
324.99
639.99
579.99
215
536.59
499.79
559.79
549.79
436.89
324.99
1029.99
1029.99
999
599.79
886.99
896.99
999.99
986.48
469.99
829.99
789.99
711
634.49
1039.99
1204.99
879.99
477.79
564.79
516.79
569.79
886.99
1016.99
856.99
893.78
889.78
865.48
939.99
749
1599.99
1659.99
1436.96
1189.99
699.99
582
1699.99
559.99
579.99
1066.99
