519.79
499.79
499.79
598.79
536.79
599.99
599.79
579.79
656.79
599.99
564.79
659.99
399.79
929
556.99
585.79
734.99
844.99
934
544.99
1094.99
629
534.99
929
479.99
999
1399.99
1499.99
699.99
720.99
499.99
699.79
479.79
489.79
529.79
489.99
488.79
499.79
468.39
567.79
429.79
1063.74
2949
878.89
1299.99
649.79
639.79
579.79
579.79
669.79
539.99
699.79
579.79
529.79
699.79
641.79
649.79
599.79
679.79
639.79
669.79
608.79
599.79
649.99
1099.99
699.99
975
819.79
514.79
599.99
443.61
549.99
589.99
1089.99
579.79
499.69
455.79
439.79
499.79
526.69
459.79
469.79
489.79
489.79
499.79
594.79
539.79
469.79
569.69
519.79
495.79
498.79
399.79
469.79
652.79
469.79
