2099.99
1230
280.95
1381
1381
422
782
847
404
1499.99
1269
263.21
479.99
412
1410
1410
1299.99
1799.99
1799.99
1129
279.99
799.97
919
1179.99
778
635
410
689.99
1128
639
1032
454.77
1099.99
394.99
579.99
1679.99
644.79
1436
611
387
999.99
239.99
281.99
408.68
1199.99
327
260
1254
1408
1409
423
274.99
1333
919
961
566.8
419.78
1492
919
1449.99
259.99
1515
1199.99
1149
699.98
1099.97
399.99
399.99
459.69
374.99
1099.99
1259.99
892.54
1099.97
899.97
1249.99
1249.99
758
1345
1287
999.99
446.78
1696
989.99
509.99
459.99
1299.99
1099.98
1338
768.32
1999.99
2099.99
1339
1269.99
759.99
1999.99
