569.68
577.79
599.79
574.78
599.79
549.79
499.19
599.79
587.79
559.79
559.19
626.79
566.79
599.79
559.19
519.79
949
884.99
219
317.7
549.99
568
681
555
428
441
681
582
638
2029
926
1128
1399.99
899.97
1223.99
754
446.79
387.99
318.66
264
1185
898
1324
1649.99
2049
196.69
999.99
899.99
949.99
726.79
1049.99
274
839.99
463
439.79
478.79
2059
649.99
999.98
1099.98
1099.99
999.99
1399.99
1249.98
606.79
1499.99
724
1299.99
199.99
1224.49
447.99
1499.99
439.99
1099.99
548.79
478.79
749.98
1499.99
599.79
1124.99
899
1199.99
1299.99
799.99
496.79
559.99
919
1099.99
1499.99
579.99
2089
626.79
576.79
656.79
565.79
616.79
