724
2119
1271.19
572.79
736
1363.49
602.77
2059
548.99
1288.07
1449.97
199.99
514.53
288
554.79
746.69
1119.99
519.79
556.99
2419
1199.99
1229.99
1589
1049.99
267.97
299.99
685
1149.99
1299.99
1529.99
849.99
1379.99
1593.67
1329.99
1189.99
1156.58
630
1339
1069.99
1325
441
964.24
769.49
1075
1249.99
1339
1279
229.99
1929
683
740
568.79
2239
1069.99
834.99
699.99
2449
584.99
478.12
825
659
509.79
725
729.99
625
649.99
1124.99
1069
725
899.99
775
964
799
775
759.99
725
1599.99
226.06
725
725
449
789
789
992
899.99
769.99
1705.72
925
899
799.99
725
415
558.79
2076.97
729
2669
