979.99
999.99
1039
899.99
734.99
1899.99
1899.99
1099.99
1349.99
899.99
799.99
602
443
708
428
378.99
699.98
599.99
849.99
1449.99
1139.99
1274.99
682.98
485
568
1010
639
2099.99
879.99
1499.99
1220
988
1199.97
1025
358
199.99
1399.99
499
1899.99
299.99
1099.98
1099
1899.99
1199.99
999.99
799.97
999.99
999.99
999.99
694
639
883
1834.99
799.97
1779.99
1649.99
319.99
1793.99
1267
1007.45
1268
713
374
1299.99
1599.99
1449.99
999.99
1979.99
3039
779
961
821
803.99
999.97
1268
1374.99
1099.99
623
424.37
1099.99
1099.99
1049.99
1099.98
1099.98
878
799
1199.99
3499.99
1449.99
1499.99
849.97
322.99
1399.99
347
1399.99
1899
