599.99
1214
1069
834.99
984.99
654.99
664.99
1534.99
2219.99
449.99
619.99
1169.99
579.99
2224.99
1134.99
2539.99
491.49
799.99
189.99
680.69
4269.99
1034.99
1999.99
689.99
569.99
1199.99
549
1598.99
949
539.99
1614.99
1129
1299
509.99
439.99
439.99
1984.99
1599.99
379.79
915.64
739
1079.99
389
229.99
2264.99
543
499.79
569.99
399.79
219
1249.99
446
699
599.98
1284.99
979.99
1499.99
622.79
599.79
452.2
759.99
389.79
999.99
577.76
351.99
939.99
539.99
1499
899
1599.99
2059
348.69
499.79
449.78
1299.75
579.79
546.79
425.99
999.99
799.99
1199.99
479.99
599.78
2219
2224
725
519.79
549
1069
2339.99
666.69
579.99
599.79
549.99
2344.99
820.97
