449.79
939.99
969.99
939.99
1099.99
929.99
989.99
468
1049.99
779
633.69
649.99
2999
1199.99
1999
499.69
369.99
699.79
639.79
629.79
729.79
688.79
658.79
799.79
759.79
688.79
629.79
688.79
679.79
729.79
648.79
619.79
659.99
669.79
568.79
439.79
658.79
688.79
599.79
699.79
688.79
649.79
666.99
499.99
545.49
639.79
649.79
659.79
699.99
639.79
799.79
619.79
619.79
699.79
639.79
688.79
699.79
729.79
599.99
688.79
659.99
699.79
529.79
679.79
639.79
588.79
649.79
679.79
589.99
793.5
678.49
599.99
672.69
627.79
619.79
579.79
639.79
638.79
639.79
679.79
649.79
836.79
688.79
639.79
639.79
747.5
627.79
649.99
639.99
679.79
679.79
759.79
689.79
779.99
699.79
629.79
