618
329.99
446.76
764
1291
1192
1334
1999
338
1624.99
759.99
428
456
387
428
340
456
428
452
1198
414
1163.99
1186
571.99
414
1213
3769
625
471
457
527
2199.99
561
287.99
322
1649
709
658
529.99
549.99
639.99
699.99
659.99
599.99
749.99
549.99
799.99
569.99
548.99
400
261
401
274
697
729
1215
1099.99
1049.99
999.99
1241
1241
302
423
311
510
428
715.99
723.95
1003
401
1268
1614.99
1799.99
1157.99
1023
1386.99
1240
2199.99
2199.99
2199.99
2399.99
414
386
443
999.99
1002
1245.99
409.98
381
484
1268
1699.99
1297
1058.68
1302
581
