739.79
628.79
536.99
618.99
633.99
579.99
799.79
619.99
736.79
699.99
639.79
729.79
573.99
489.19
649.79
629.79
606.78
639.79
729.99
821.79
599.99
666.99
699.79
878.79
1248
1248
1299
2629
569.99
1239.99
799.99
899.99
819
752
702
662
824
999.99
1274
409.79
459.78
499.79
437.79
429.99
493.5
568.99
739.99
749.99
779
1149.99
549.99
549.99
749.99
579.99
529.99
639.99
647.5
1099.99
1429.99
1649.99
899.99
954.99
319
1199.99
999.98
757.99
547.99
672
779
702
699
799.99
1019.99
657.79
535
479.99
1399.99
599
549.99
226.99
859.99
899.99
499.99
899.99
759.99
749.99
539.79
999.99
1459.99
979.99
1219.99
699.79
677.79
589.99
679.79
730.79
