579.99
1410
999.99
2439
1404
499
982
1457.99
688
1199.99
1499.99
765
625
439
751
835
681
980
1999.99
1999.99
1192
2499
1289
1269
1049.99
289.99
1899.99
1999.99
1999.99
1999.99
345
969
443
2499.99
2099.99
1221
316
2499.99
1934.99
1509.99
372
386
1899.99
989
751
1391
849
1059
989
568
859.99
898.95
292.95
439.99
779
919
1367.24
1197.99
989
2450.83
1199
1017
736
935
565
1268
743
293
1091
1059
2539
1254
1899.99
2599
829.99
1039.99
939.99
979.99
919.99
1299.99
498
1122
1790
702
1310
3359.99
260
412
452
429
596
610
526
2499.99
302
1156
