749
726.79
737.79
619.99
246
344
1199.99
1599
988
1479.99
294.99
549.95
1199.99
1059
549.79
499.79
1899.99
1829
1329.99
1049.99
956.79
2834.99
847.95
1139.95
639.99
699.79
645
625
585
565
479
649.79
685
749.79
545
597.79
719.79
848
1010
766
874.95
512.99
616.79
499.79
579.79
529.79
1027
429
1299.97
1069.99
1049.99
1449
1799.99
1249.99
1149
1023
689.99
1699
777.79
643.5
789.79
799.79
667.79
647.5
699.79
683.5
669.79
669.79
699.79
683.5
693.5
599.79
729.79
699.79
729.79
639.79
667.79
549.79
589.79
669.79
599.79
693.5
599.79
649.79
479.79
589.79
719.79
819.79
669.79
669.79
549.79
683.5
599.79
669.79
667.79
699.79
