1999.99
219
848
964
689.99
289
344.99
199
798.99
974
848
815
609
316
1299.99
456
589.99
754.65
627.79
619.79
702
1999.99
2199
2199
840.99
1099.98
1408
1799.99
918
708
918
699.99
2399
238.99
599.99
187.99
459.99
1299.99
484
1125
1026
799.99
458
1799.99
1075
1466
418
1799.99
1369.99
400
316
1399.99
249.99
1379.99
1137
899.99
1625.28
549.99
679.99
789.99
385
1059
1999.99
316
358
549.99
1253
276
795.98
646
565
814
259
819.99
1823.34
622.99
757.99
1799.99
1799.99
1799.99
1129
386
518.82
2509
279
815
818
993
1038
1064
401
1156
1999.99
1999.99
932.99
1599.99
