1599.99
536
879.99
399.79
426.79
999.99
542
2099.99
947
952
890
960
1046
961
989
862
648
937
989
820
989
961
1051
966
1499.99
278
337.99
832.99
379.99
316
344
297
310
331
1324.99
387
358
799.99
368.99
779
820
1035
848
895
792
988
638
638
358
568
568
936
330
638
568
366
708
1699.99
1129
989
1006
1599.99
1127
1120.99
438.2
1267
1268
1132
1149.99
918
563
1829
1157
1354.99
999.97
299.99
799.97
708
1128
324.99
1469.99
1464.99
239.99
1179.99
629.99
512
312
657.5
899.97
381
1198
1849.99
519.99
1099.99
1476
989
