1233.95
3049
1225
715.34
999.99
1249.99
738.99
1267
1268
1030
476
1099.98
2074.99
509.83
999.99
1758
22.99
999.97
2099.99
708
877
569
581
1101
526
407
569
722
919
849
666
807
1023
949.97
999.97
899.97
999.97
899.99
578
729
893
795
919
1055
774
1099.99
280
1119.79
512
1239.99
1039.99
1129.99
1119.99
1299.99
1184.99
230.59
927
1149.99
1268
1249.98
665
288
1589
895
612.99
897.1
1167.99
1699.99
916
2283.99
821
1179.99
1156
1199.98
780
988
1010
1087
3134
1162
1479
569
569
513
471
479.22
2199.99
1449.99
859.79
1096
568
1099.99
1224.99
1314.99
1069.99
1039.99
