669.79
479.79
589.79
719.79
729.79
549.79
669.79
649.79
733.5
599.79
999.99
649.99
1869
1599.99
1339.99
1065
979.99
549.99
1799.99
1699.99
1299.99
649.99
444
1099
869.99
1056
1420.99
1599.99
1869
1699.99
583.79
1399.99
1099.99
1599.99
599.99
904
899.99
1879
847.95
290
814.99
1224.49
773
1686.99
1919
1114
599.99
599.79
588.79
717.79
1139.99
999.99
1494.99
1199
1765.95
1099.99
1499.99
1499.99
899.97
1699.99
1249.99
279.99
1235.99
334
219.99
929.99
1599.99
1929
1679.99
12
350
1148.99
1999.97
519.99
1299.99
298
1599.99
2099.99
799.9
253.78
1699.99
1929
459.99
558.99
1499.99
989
1299.99
1299.99
1299.98
1007
716
619.99
999.99
552.99
1039.99
1106
