648.76
674.99
2694.99
948.89
979.99
411.5
1143.99
669.46
1069.69
449.99
799.79
2514.99
969.99
579.99
569.99
1534.49
699.99
1699
699
4689
1357.79
457.49
593.79
499.79
599.79
814.99
1358.89
679.99
729.99
899
832.99
223
549.99
699.79
1699.99
566.39
542.78
540.5
447.5
611.99
570.5
488.5
684.99
759.99
809.99
884.99
259
552
539.99
428.85
789.99
764.99
799.99
789.79
795
1595.95
1089
869.99
686.79
909.99
899.99
729.99
869.99
959.99
1796.99
3179
1139.99
1359.99
1214.99
699.79
649.79
199.99
1249
957.79
969.79
999.79
362.67
949.99
899.79
1599.99
789.79
858.79
875
799
749.99
234.59
2399
599.79
1799.99
839.99
779.99
799.99
719.99
1649.99
1099.99
1059.99
