929
456.99
899
516.79
426
1879
879.99
459
1099.99
499.79
649.99
939.99
574.79
522.89
574.79
896.79
864.49
859.99
279.99
599.79
559.99
739
659
3849
1199
628.79
599.39
583.79
577.38
399
20.03
1044
504.99
629.99
869
929
2379
1114.88
1899.99
1079.99
1399
544.79
564.79
1299
523.79
594.79
543.79
2199
669.79
729.99
654.99
759.99
593.69
574.79
523.79
623.79
634.79
2559
759
1699.99
1127
999.99
999.99
989
1087
757.99
1167
599
1459
1043.35
1197.99
719.99
3289.99
1136
416.66
975
1599.99
1489.99
1255
1499
1369
1096.79
1399.99
914.49
1009
639.99
928.32
359
1159.99
4259
1287.94
809
439.99
1089.99
1419
739.99
