548.5
516.79
549.69
649.79
536.69
459.79
594.79
499.79
489.79
539.79
439.36
559.79
469.79
519.79
455.79
519.79
499.79
399.79
469.79
536.79
477.99
539.79
539.79
389.79
439.79
566.79
449.99
652.79
499.79
496.69
419.79
479.79
449.79
439.79
519.79
549.79
499.79
449.79
498.79
399.79
459.79
495.79
569.69
539.79
469.79
411.79
699.79
1763.99
1764
506
678
536.79
1331
569.99
619.79
1049
619.79
542.84
489.79
2263.94
457.99
899.99
689.99
639.99
649.99
499.99
589.99
708.49
589.79
668.79
349
869.95
619.79
689
469.99
599.79
632.79
599.79
599
684.79
979.99
599.99
1650
1248.99
988
499.79
599.79
699.79
559.79
658.78
629.79
719.79
589.99
518.88
439.99
457.5
