899
549
499.99
449.99
347.99
869.99
1049
649.99
382.99
577.79
814.99
609.99
425
544.97
474.99
949.99
1099.99
499.99
589
699.99
825
425
499
425
699.99
799.99
1049
899.99
749
849.99
1145
899.99
475
1040.99
799.99
899.99
1049
799.99
535
856
740
749.99
749.99
569
604.69
469
525
625
1140
1399
815
1049.99
1095
1040
699.99
499
499.99
549.99
1049.99
1049
1065
1089
1040
449.99
799
940
1049.99
1149
749.99
1119
1099
1175
1249
379.99
509
758
1175
1699.99
865
749.99
1245
1195
965
956
1012
965
222.75
1349
1399.99
1299
949
925
559.79
479.99
1099
1049
