654
639
305
1269
1115
1115
767.99
1409
2449.99
1198
1799.99
1086
1283
1003
1799.99
1799.99
340
526
440.99
1128
1129
1129
1699.99
1699.99
1699.99
929.99
2249.99
1195.99
817.99
511
709
1799.99
389.99
479
1198
1058
1059
1156
1226
2339
339.99
1799.99
1799.99
1549.38
1123
2439
789.99
1115
1171
1171
386
596
386
421
485
1227
847.03
1699.99
492
1297
3169
888
317
1599.99
1240
1193
1198
1198
1899.99
1899.99
1899.99
1199
1199
1199
1039.99
1278
919
2199.99
1283
1266
1213
1212
1256.99
1499.99
425
1520
240
219.99
835
807
905
1299
1599.99
1599.99
1599.99
1599.99
