769.79
749.99
699.99
559.69
841
776.79
439.79
869.99
1409.99
5009.99
1534.99
262.99
409.99
1314.99
1314.99
679.99
1365
836.79
818.79
1299.99
399.79
466.99
1384
1714.99
1029.99
3749.99
1505
1464.99
1429
1429
1849.99
1149.99
286.99
1352.04
889
1564.99
1134
924.99
914.99
820.99
353.78
759
719
1239.99
1799.99
1052.99
899.99
1094.99
1069
954
1179.99
678.99
569.99
599.99
1119
839
749
729
1149.99
1499.99
1149
469.99
529.79
1069
999
1014.99
1034
870
1064.99
749.99
865
904.99
869
790
834.99
894.99
994
1074
909
705
1049
984.99
898.99
858.99
898.99
999.99
1114
1119
659.99
1414
839
979
839
779
779
809
