411
1017
1999.99
1408
2099.99
1278
1153
1096.99
961
1031
1031
639
320
1053.99
680
1436
1198
877
1261
1122
792.99
1234.99
997.21
513
401
1236
1129
551
1149
1241
359
1699.99
1129
1129
1199.99
1476
1478
778
2779
1049
1101
988
302
394.99
1056
1027
759
1229.99
905.84
379
537.95
553
316
606
580
779
513
569
327
471
499
629.99
2512.99
652
850
877
2759
229.99
737
1591
1268
789.99
1609
2242.99
473.99
1999.99
1999.99
1999.99
1699.99
2699.99
546.79
709
685
899.99
1255
1249.99
638
794
1642.99
3569.99
612.99
1599.99
2799.99
1537.99
1179
788.64
