1229.99
199.99
589.99
433.68
388.79
709.99
799
558.99
548.99
344.3
931.9
758.11
799.99
646.29
692.65
3899
474.79
1049.99
2169
1199.99
876.82
903.99
1249.99
978.75
999.99
739.99
1699.99
817.52
1109
504.62
895
1739.99
1855.35
545.79
1799.99
644.79
769
775
311.48
518.76
439.99
671.79
429
1219.9
339.99
965
1030
939.99
675
228
489.69
875
879.99
865
1093.42
786.99
1149.99
1128
743.79
650
529
1109
855.99
1843.01
799.99
1411.99
1069.99
1364
1247.99
1499
1469.99
765.79
750
1579.99
869
515
714.79
704.29
359
269.99
779
899
913.05
194.99
2074.05
1428.98
842
969
1159.99
546.89
699.99
1779.99
799.99
957.95
772
2999
