989
699.98
1699.99
591
549.99
1214
1599
749
975
2379
1099.99
2319
994.99
549.99
1226
599.99
1198
1599.99
555
294
1999.99
239.99
1241
1494.99
1364.99
2099.99
599.99
1248
659.99
899.99
240
577.79
999.99
999.99
549.99
1099.99
649
919
989
889
988
992
1268
540
1270
1699.99
1699.99
636.79
641.25
1113.21
1129
1129
3684
754.64
1699.99
389.69
829.99
1268
1269
1309
435
917.22
742.01
239.99
1699.99
1114
1324
1380.31
1449.95
1394
1425
1799.99
1128
1899.99
1339
1999
1409
764
583
569
286
905
1382
999.97
1459.99
1574.99
1999.99
1679.99
1363
799.99
999.99
999.99
889.99
829.99
1699.99
1367
