709
1399.98
872.99
675
1499.99
499.99
819.99
869.99
849.99
1499.99
1264.99
1192.99
869.99
932
1589
1999.99
316.99
362.99
479.99
899.99
899.99
1999.99
1249
699.99
1124.99
447.99
1099.99
1499.99
1599.99
1599.99
1499.99
634.49
1899.99
1274.99
529.99
529.79
580.5
1799.99
1599.99
848
599.99
1699.99
1124
1799.99
1129.99
1099.98
1799.99
1224.99
699.98
1429.99
1134.99
945
1099.99
1106
1035.31
1139.99
1599.99
1599.99
1150
785.99
1599.99
232
1299.99
1869
624
1499.99
439.99
899
1068
288
1326.99
975
319
1599.99
1599.99
757
1164.99
1414.99
970
579
879.99
1264.99
256.99
1499.99
1499.99
2249
599.99
1241
429.79
699.99
498
399
2199.99
1699
1599.99
2180.61
